              precision    recall  f1-score   support

           0       0.79      0.76      0.78       319
           1       0.74      0.69      0.71       389
           2       0.84      0.45      0.58       394
           3       0.62      0.76      0.69       392
           4       0.86      0.75      0.80       385
           5       0.70      0.85      0.76       395
           6       0.90      0.71      0.79       390
           7       0.88      0.90      0.89       396
           8       0.96      0.93      0.95       398
           9       0.96      0.89      0.93       397
          10       0.90      0.98      0.94       399
          11       0.68      0.96      0.80       396
          12       0.79      0.67      0.73       393
          13       0.89      0.82      0.85       396
          14       0.80      0.93      0.86       394
          15       0.76      0.95      0.85       398
          16       0.69      0.93      0.79       364
          17       0.90      0.95      0.93       376
          18       0.73      0.61      0.66       310
          19       0.88      0.35      0.50       251

    accuracy                           0.80      7532
   macro avg       0.81      0.79      0.79      7532
weighted avg       0.81      0.80      0.80      7532
